
[
array([[[535, 336]],[[536, 335]], [[770, 335]],[[771, 336]], [[770, 337]],[[770, 522]],[[769, 523]],[[536, 523]],[[535, 522]]]), 
array([[[535,  54]],[[536,  53]],[[769,  53]],[[770,  54]],[[770, 239]],[[771, 240]],[[770, 241]],[[536, 241]],[[535, 240]]]), 
array([[[300,  54]],[[301,  53]],[[534,  53]], [[535,  54]],[[535, 241]],[[769, 241]],[[770, 242]],[[770, 334]],[[769, 335]], [[535, 335]], [[535, 522]],[[534, 523]],[[301, 523]],[[300, 522]],[[300, 442]],[[301, 441]],[[418, 441]],[[418, 135]],[[301, 135]], [[300, 134]]]), 
       
array([[[536,  52]], [[535,  53]], [[300,  53]], [[300, 135]],[[416, 135]], [[417, 136]],[[417, 440]],[[416, 441]],[[300, 441]],[[300, 524]],[[535, 524]],[[536, 523]],[[771, 523]],[[771, 336]],[[770, 335]],[[770, 241]],[[771, 240]],[[771,  53]], [[770,  52]]])]

rc is : ((653.0, 429.0), (236.0, 188.0), -0.0)
(535.0, 523.0)
(535.0, 335.0)
(771.0, 335.0)
(771.0, 523.0)
rc is : ((653.0, 147.0), (236.0, 188.0), -0.0)
(535.0, 241.0)
(535.0, 53.0)
(771.0, 53.0)
(771.0, 241.0)
rc is : ((535.0, 288.0), (470.0, 470.0), -0.0)
(300.0, 523.0)
(300.0, 53.0)
(770.0, 53.0)
(770.0, 523.0)
rc is : ((535.4999389648438, 287.9999694824219), (470.99993896484375, 471.99993896484375), 0.0)
(299.99997, 523.99994)
(299.99997, 52.0)
(770.99988, 52.0)
(770.99988, 523.99994)